[[1.         0.93082358 0.8672964  0.92267375 0.82980769 0.86270583]
 [0.93082358 1.         0.96217077 0.93128805 0.87660987 0.97454493]
 [0.8672964  0.96217077 1.         0.80276181 0.71554477 0.91097385]
 [0.92267375 0.93128805 0.80276181 1.         0.97520815 0.94622819]
 [0.82980769 0.87660987 0.71554477 0.97520815 1.         0.92030746]
 [0.86270583 0.97454493 0.91097385 0.94622819 0.92030746 1.        ]]